# This provides the scheduling requirements in plain English,
# like which class meets which teacher in which room and how many.
# <class> <subject> <teacher> <room> <required_times>

# first line
# <number of classes> <number of subjects> <number of teachers> <number of rooms> <max periods> <scheduling requirements>

4 20 4 4 35 120
1 1 1 2 1 
4 1 3 3 1 
2 1 2 4 1 
3 1 4 1 1 
1 1 1 3 1 
3 1 3 4 1 
4 1 2 1 1 
2 1 4 2 1 
3 1 3 3 1 
4 1 4 4 1 
1 1 1 1 1 
2 1 2 2 1 
2 1 4 1 1 
3 1 1 2 1 
4 1 2 3 1 
1 1 3 4 1 
1 1 4 1 1 
3 1 2 4 1 
2 1 3 2 1 
4 1 1 3 1 
1 1 4 4 1 
3 1 2 1 1 
4 1 1 2 1 
2 1 3 3 1 
1 1 3 2 1 
4 1 1 3 1 
3 1 4 1 1 
2 1 2 4 1 
2 1 3 3 1 
3 1 2 4 1 
4 1 4 1 1 
1 1 1 2 1 
2 1 4 4 1 
3 1 1 3 1 
4 1 3 1 1 
1 1 2 2 1 
3 1 1 4 1 
4 1 4 3 1 
1 1 2 1 1 
2 1 3 2 1 
3 1 4 1 1 
4 1 1 3 1 
1 1 2 4 1 
2 1 3 2 1 
2 1 2 2 1 
3 1 4 3 1 
1 1 1 4 1 
4 1 3 1 1 
1 1 1 3 1 
2 1 2 4 1 
3 1 4 1 1 
4 1 3 2 1 
4 1 4 1 1 
1 1 1 4 1 
2 1 2 2 1 
3 1 3 3 1 
1 1 4 1 1 
4 1 1 2 1 
2 1 2 4 1 
3 1 3 3 1 
4 1 1 1 1 
1 1 2 2 1 
2 1 3 3 1 
3 1 4 4 1 
1 1 3 4 1 
2 1 4 3 1 
3 1 1 1 1 
4 1 2 2 1 
2 1 4 4 1 
1 1 2 2 1 
3 1 3 1 1 
4 1 1 3 1 
4 1 1 1 1 
1 1 2 3 1 
3 1 3 2 1 
2 1 4 4 1 
4 1 1 4 1 
2 1 3 1 1 
1 1 4 3 1 
3 1 2 2 1 
3 1 3 3 1 
4 1 4 2 1 
1 1 1 4 1 
2 1 2 1 1 
2 1 3 4 1 
3 1 1 3 1 
1 1 2 1 1 
4 1 4 2 1 
2 1 1 4 1 
3 1 4 1 1 
4 1 2 2 1 
1 1 3 3 1 
2 1 3 3 1 
3 1 1 4 1 
1 1 4 2 1 
4 1 2 1 1 
2 1 4 2 1 
4 1 3 3 1 
3 1 2 4 1 
1 1 1 1 1 
4 1 3 4 1 
1 1 4 2 1 
2 1 1 1 1 
3 1 2 3 1 
3 1 2 2 1 
4 1 1 3 1 
1 1 3 1 1 
2 1 4 4 1 
2 1 2 2 1 
1 1 4 3 1 
3 1 1 4 1 
4 1 3 1 1 
4 1 1 3 1 
1 1 2 2 1 
3 1 3 4 1 
2 1 4 1 1 
4 1 1 4 1 
3 1 4 1 1 
1 1 2 2 1 
2 1 3 3 1 